CAMERA_EDIT_DATA
PATTERN:0
COUNT:3
0,80
2
(0, 10, 73), (0, 15, 0)
(-10, 20, 64), (0, 15, 0)
81,100
2
(-10, 20, 64), (0, 20, 0)
(0, 30, 24), (0, 25, 0)
101,400
1
(0, 30, 24), (0, 25, 0)
END

PATTERN:1
COUNT:3
0,80
2
(0, 10, 73), (0, 15, 0)
(-10, 20, 64), (0, 15, 0)
81,100
2
(-10, 20, 64), (0, 15, 0)
(0, 30, 24), (0, 15, 0)
101,200
1
(0, 30, 24), (0, 15, 0)
END

PATTERN:2
COUNT:3
0,40
1
(-30, 30, 20), (0, 5, 0)
46,80
1
(30, 30, 20), (0, 5, 0)
81,120
1
(0, 10, 20), (0, 10, 0)
END

PATTERN:3
COUNT:1
0,55
1
(10, 20, 20), (0, 10, 0)
END

PATTERN:4
COUNT:2
0,99
3
(10, 20, 25), (0, 10, 0)
(0, 20, 30), (0, 8, 0)
(-10, 18, 25), (0, 10, 0)
100,142
1
(-5, 15, 30), (0, 10, 0)
END

PATTERN:5
COUNT:1
0,101
4
(-20, 20, 60), (0, 0, 0)
(10, 15, 40), (0, 5, 0)
(10, 20, 0), (0, 10, 0)
(10, 20, -40), (0, 10, 0)
END

PATTERN:6
COUNT:1
0,101
3
(10, 20, 20), (0, 10, 0)
(0, 18, 40), (0, 10, 0)
(-10, 15, 20), (0, 5, 0)
END

PATTERN:7
COUNT:1
0,60
1
(-10, 25, 30), (0, 5, 0)
END

PATTERN:8
COUNT:2
0,130
3
(-10, 20, 20), (0, 5, 0)
(0, 20, 25), (0, 10, 0)
(10, 15, 20), (0, 5, 0)
131,171
1
(0, 17, 30), (0, 10, 0)
END

PATTERN:9
COUNT:1
0,51
1
(-10, 20, 20), (0, 5, 0)
END

PATTERN:10
COUNT:2
0,130
1
(-10, 15, -30), (0, 10, 0)
131,180
1
(10, 25, -50), (0, 8, 0)
END

PATTERN:11
COUNT:1
0,100
4
(-12, 50, -13), (0, 5, 0)
(12, 200, 1), (0, 5, 0)
(12, 80, -30), (0, 0, 0)
(0, -60, -30), (0, -10, 0)
END

PATTERN:13
COUNT:1
0,130
2
(10, 35, 0), (0, 20, 0)
(5, 25, -100), (0, 40, 0)
END

PATTERN:12
COUNT:3
0,71
3
(0, 30, 52), (0, 30, 0)
(0, 30, 42), (0, 30, 0)
(0, 30, 32), (0, 30, 0)
72,105
1
(0, 30, 30), (0, 30, 0)
106,182
5
(-10, 18, 50), (0, 30, 0)
(-7, 18, 55), (0, 58, 0)
(-4, 18, 60), (0, 30, 0)
(-1, 20, 70), (0, 10, 0)
(1, 20, 80), (0, 10, 0)
END

EOF